0,9
0,12
0,10
0,8
0,0
0,63
0,62
0,61
0,60
0,59
0,58
0,57
0,56
0,55
0,54
0,53
0,52
0,51
0,50
0,49
0,48
0,47
0,46
0,45
0,6
0,5
0,1
0,11
0,4
0,2
0,3
0,7
1,3
1,2
1,1
1,0
2,3
2,2
2,1
2,0
3,6
3,5
3,4
3,3
3,2
3,1
3,0
0,243
0,255
0,254
0,253
0,252
0,251
0,250
0,249
0,248
0,247
0,246
0,245
0,244
0,242
0,241
0,240
0,239
0,238
0,237
0,236
0,235
0,234
0,233
0,232
0,231
0,230
0,229
0,228
0,227
0,226
0,225
0,224
0,223
0,222
0,221
0,220
0,219
0,218
0,217
0,216
0,215
0,214
0,213
0,212
0,211
0,210
0,209
0,208
0,207
0,206
0,205
0,204
0,203
0,202
0,201
0,200
0,199
0,198
0,197
0,196
0,195
0,194
0,193
0,192
4,3
4,2
4,1
4,0
0,306
0,301
0,310
0,305
0,308
0,304
0,303
0,302
0,307
0,300
0,299
0,298
0,297
0,296
0,314
0,295
0,294
0,293
0,292
0,291
0,290
0,313
0,289
0,288
0,287
0,286
0,285
0,311
0,284
0,283
0,282
0,281
0,280
0,309
0,279
0,278
0,277
0,276
0,275
0,274
0,273
0,272
0,271
0,270
0,269
0,268
0,267
0,266
0,318
0,265
0,264
0,263
0,262
0,261
0,260
0,259
0,258
0,257
0,256
0,317
0,312
0,316
0,315
389,1
389,10
389,3
0,342
389,0
0,383
0,382
0,341
0,365
0,360
0,340
0,334
0,350
0,359
0,349
0,335
0,348
0,347
0,339
0,376
0,357
0,381
0,346
0,330
0,370
0,325
0,358
0,375
0,324
0,329
0,328
0,368
0,337
0,369
0,374
0,380
0,367
0,345
0,344
0,331
0,372
0,364
0,366
0,326
0,323
0,333
0,356
0,373
0,355
0,354
0,353
0,352
0,379
0,377
0,371
0,336
0,351
0,327
0,363
0,320
0,362
0,338
0,361
0,343
0,378
0,440
0,386
0,439
0,446
0,443
0,390
0,442
0,432
0,422
0,405
0,430
0,435
0,428
0,436
0,427
0,401
0,423
0,455
0,484
0,458
0,492
0,478
0,457
0,481
0,497
0,480
0,477
0,475
0,502
0,473
0,463
0,496
0,468
0,495
0,494
0,476
0,462
0,479
0,467
0,466
0,465
0,483
0,504
0,491
0,464
0,490
0,450
0,482
0,449
0,471
0,508
0,493
0,500
0,503
0,461
0,499
0,470
0,486
0,460
0,459
0,498
0,469
0,489
0,488
0,485
